P0: 1.183704 0.000000 0.000000 0.000000 4.174261 0.000000 0.000000 0.000000 -1.002002 0.000000 0.000000 0.000000
P1: 1.183704 0.000000 0.000000 0.000000 4.174261 0.000000 0.000000 0.000000 -1.002002 0.000000 0.000000 0.000000
P2: 1.183704 0.000000 0.000000 0.000000 4.174261 0.000000 0.000000 0.000000 -1.002002 0.000000 0.000000 0.000000
P3: 1.183704 0.000000 0.000000 0.000000 4.174261 0.000000 0.000000 0.000000 -1.002002 0.000000 0.000000 0.000000
R0_rect: -0.000000 -0.258819 0.965926 0.000000 0.965926 0.258819 -1.000000 0.000000 -0.000000
Tr_velo_to_cam: -0.000000 -0.258819 0.965926 0.000000 0.965926 0.258819 -1.000000 0.000000 -0.000000 0.000000 0.000000 0.000000
Tr_imu_to_velo: 1.000000 0.000000 0.000000 0.000000 1.000000 0.000000 0.000000 0.000000 1.000000 0.000000 0.000000 0.000000
