P0: 1.183704 0.000000 0.000000 0.000000 4.174261 0.000000 0.000000 0.000000 -1.002002 0.000000 0.000000 0.000000
P1: 1.183704 0.000000 0.000000 0.000000 4.174261 0.000000 0.000000 0.000000 -1.002002 0.000000 0.000000 0.000000
P2: 1.183704 0.000000 0.000000 0.000000 4.174261 0.000000 0.000000 0.000000 -1.002002 0.000000 0.000000 0.000000
P3: 1.183704 0.000000 0.000000 0.000000 4.174261 0.000000 0.000000 0.000000 -1.002002 0.000000 0.000000 0.000000
R0_rect: 1.000000 -0.000000 -0.000000 0.000000 0.965927 0.258815 -0.000000 -0.258815 0.965927
Tr_velo_to_cam: 1.000000 -0.000000 -0.000000 0.000000 0.965927 0.258815 -0.000000 -0.258815 0.965927 0.000000 0.000000 0.000000
Tr_imu_to_velo: 1.000000 0.000000 0.000000 0.000000 1.000000 0.000000 0.000000 0.000000 1.000000 0.000000 0.000000 0.000000
