P0: 0.929817 -0.000000 0.214485 0.000000 1.703749 -0.591844 0.000000 0.000000 -1.002002 0.000000 0.000000 0.000000
P1: 0.929817 -0.000000 0.214485 0.000000 1.703749 -0.591844 0.000000 0.000000 -1.002002 0.000000 0.000000 0.000000
P2: 0.929817 -0.000000 0.214485 0.000000 1.703749 -0.591844 0.000000 0.000000 -1.002002 0.000000 0.000000 0.000000
P3: 0.929817 -0.000000 0.214485 0.000000 1.703749 -0.591844 0.000000 0.000000 -1.002002 0.000000 0.000000 0.000000
R0_rect: 1.000000 -0.000000 -0.000000 0.000000 0.965927 0.258815 -0.000000 -0.258815 0.965927
Tr_velo_to_cam: 1.000000 -0.000000 -0.000000 0.000000 0.965927 0.258815 -0.000000 -0.258815 0.965927 0.000000 0.000000 0.000000
Tr_imu_to_velo: 1.000000 0.000000 0.000000 0.000000 1.000000 0.000000 0.000000 0.000000 1.000000 0.000000 0.000000 0.000000
